43011
34488
27504
30525
3356
19437
13960
9531
29705
37563
1131
36317
25517
22561
39125
32356
21153
35011
42579
33591
3559
15742
4284
31754
42312
46536
48121
36564
26321
39407
29789
49656
9091
24287
47201
8572
8039
38324
31422
8795
42523
16450
19529
42442
12267
48736
28891
30718
27893
29648
7011
32773
6547
1661
40358
32475
34773
5983
9473
6067
26413
44436
11936
42658
15940
23548
33743
27246
23185
41400
25778
37187
49428
19007
36507
15750
447
1885
42451
40446
47220
38395
28353
8794
9210
33138
22155
47671
42314
36306
21543
48353
46770
36077
35215
15906
35658
4592
33242
24355
7207
27241
5685
22070
41013
535
32738
45101
26071
4938
20598
31479
37189
34328
40163
11028
39008
11017
18415
39129
39751
49972
502
179
20440
406
46271
41233
28678
3926
43864
42336
43479
5221
24275
17008
21620
7073
23
43268
13120
2920
39234
38194
43589
7244
34052
33019
12396
40752
48601
39878
49894
24086
41597
44354
29189
46530
49700
27605
30394
11323
48173
11340
20787
8793
21611
16944
38318
13294
12995
15707
23927
6786
11761
25969
22143
35556
36647
6184
48947
10263
20648
25734
8061
48845
47482
11810
32309
21674
3300
47016
42997
26368
47183
38092
300
16656
5159
42514
47461
4923
34371
41907
9225
32632
5445
10160
23305
49545
34393
6197
32459
22126
42655
43577
47781
23108
44708
34917
48695
35653
7956
25338
43780
5872
20222
10489
23543
14328
5404
45354
35009
27416
48988
24207
30982
40734
30949
972
1826
42942
34220
12153
7677
12607
47503
33638
18371
16870
28278
22909
13419
33460
2290
40963
45083
8696
26171
17472
17948
21199
45360
48415
37041
18418
33522
40851
40600
12145
3983
31167
8722
49628
8561
43890
9417
21129
20714
726
16320
47250
43629
40993
13037
24241
41025
43593
46378
39493
49835
5445
35305
42110
7654
7921
26730
14957
6094
14936
19671
13957
7810
37945
43625
31512
41659
13922
4736
48276
33679
46699
42785
13098
8913
14947
2251
31233
39325
26659
5591
43226
48964
9285
36507
38353
856
2531
44193
4856
48661
30944
43372
11078
47025
19774
12460
18078
8796
26246
11065
17756
44743
34628
18300
45129
6537
26506
3008
16568
28651
26333
834
20204
2236
21338
26465
33335
27966
13699
15290
16638
47949
19681
385
5973
16944
7872
28100
23475
43309
16551
18909
7302
4551
34893
47442
16925
10322
38235
35589
38964
29218
10604
21770
35913
23775
32470
36512
46499
22332
29416
4764
18707
28110
46496
34225
23068
38355
26624
41846
8928
5665
2368
27368
19392
39207
33687
10324
42060
35993
7380
38294
1024
43765
3485
37012
46296
39568
20696
26934
21811
34483
11835
13848
20305
48415
5625
34928
39138
6135
37431
5202
35680
46080
23856
49721
47050
7984
27255
47748
21378
15757
37055
49111
47822
32921
46925
4546
6872
17679
6660
33417
18327
47098
19676
14457
25615
33514
14019
48736
7017
39110
49761
47066
37560
36739
47569
26434
40820
14566
22555
35231
41438
7553
34843
20108
38940
13460
14496
33820
28838
9729
14444
43077
47965
23762
40322
39765
5144
6434
46313
45984
8482
18648
19231
48021
7511
47557
2083
46553
61
43408
2969
8901
30422
41285
14462
20910
23386
11378
6155
20342
25505
37849
28862
41101
40094
15842
43200
2544
10854
33704
38678
32061
45441
27582
16233
3077
13454
11407
39918
11005
23974
39045
34602
20587
5718
39724
37850
27489
8007
46891
41882
23769
24025
40810
1689
38320
21842
29605
48953
26875
41795
29705
26137
33387
6728
40733
19970
46111
32736
19576
12757
31929
21615
42579
10481
44558
5343
42440
14426
41756
69
32826
29799
31986
24485
13138
32831
40477
33413
22774
44398
7460
21747
37099
571
15371
2106
43522
35872
46783
45029
28878
6173
19386
28337
16599
29358
36641
26530
38863
39910
47029
23963
4956
46303
44031
456
22580
49853
20618
14768
43136
27641
19771
7028
48655
18944
43961
21625
14031
7601
23583
48295
8628
47492
39358
7479
43865
22809
37038
7411
31901
27716
33747
37785
13961
13811
12421
4763
15126
43984
19185
20441
41464
355
9425
24170
4648
1402
23272
47160
24030
39000
27241
3498
1747
2851
21153
28933
19777
43634
2242
17626
40323
16894
9475
23805
18179
36400
4383
18726
32092
43728
11583
9473
40486
32528
12004
10515
2784
33344
30946
21888
17263
26987
33271
49646
26314
47670
10930
44100
33077
47145
36917
2676
31010
1941
39
8053
15500
8775
12628
3190
47068
12252
4886
44092
20619
8079
45710
41414
35325
26472
12933
33665
8913
32154
4820
1714
5973
14471
18623
35561
19448
48160
20
10655
11317
857
16685
9369
25640
34699
22290
10655
28729
49251
15781
24516
2011
12916
34896
31052
36430
8894
28672
28837
4305
36318
12888
40602
47971
11428
6127
28107
4382
48526
11918
45636
44290
44097
15625
8136
9969
13309
45024
35571
38722
16772
17612
3787
36126
43029
8812
32118
26143
30973
15937
10093
7454
28893
23501
42404
16155
4928
16339
39739
10255
12395
42005
29215
11071
302
27790
4344
15963
35821
36514
1250
33526
5158
42839
37799
44783
42880
6875
4538
39073
49727
25182
5076
20931
4755
25308
7279
28432
4832
1882
21442
39105
8205
17493
42018
16990
9898
30667
14992
48497
9998
40536
25506
4950
48812
45912
10215
6504
41660
29867
25063
24625
8014
29781
35595
33270
31978
32826
12617
3072
23679
26711
14675
46015
53
39368
49854
25587
36166
48025
23129
46875
11189
16693
13041
14095
23666
44861
49971
49972
8698
7007
46867
20224
40184
22067
48188
36254
35836
47435
48587
34312
42024
40654
21026
24766
22779
11432
748
44837
22644
31424
81
32958
39259
29779
46569
8722
34953
49753
25401
34348
31594
34793
28250
31045
5910
20970
23608
30088
8974
11995
16045
25547
15686
30403
33165
396
3446
16320
36289
7406
4948
27431
17317
3281
47841
33380
19558
7719
3909
10784
10797
987
11821
30584
35831
4830
14410
49890
15270
30256
41399
5929
38237
27481
17290
42512
34942
38597
43442
40103
5293
47146
23104
29879
11118
42537
1693
1140
47252
10991
35358
44528
4431
46121
49880
39551
25852
18392
36506
44110
26917
16713
48083
7574
7659
3066
6286
44206
36899
29029
1524
9144
4424
20088
31202
26920
13610
44595
44099
33673
15758
33045
45735
35678
35861
15791
43713
21436
30400
1909
49628
25156
17045
39906
28276
37108
12965
44352
36625
9912
47606
26917
9137
13785
16995
10981
37136
39693
28333
7995
10280
9878
20766
45857
13739
42971
41498
38934
11938
670
2154
25847
45328
21822
33019
36787
4443
22291
37702
42483
7503
10009
27736
14346
8921
42636
7940
20637
38870
47481
22922
39805
32411
22832
17398
6705
23048
14984
27336
32065
48353
15211
30347
4000
26405
32898
32385
35029
44028
26592
1680
22912
48439
11463
48849
11215
32419
15355
3921
30653
36164
5081
23635
6277
9708
6784
3845
10298
37507
38341
44897
27827
16576
9153
43739
38506
1817
2934
692
16008
11292
19048
40686
19108
39768
19377
35667
15993
22881
16277
35489
27220
12192
7605
24135
40980
17333
24373
2410
46079
4307
32303
25282
41184
6071
35135
43548
35716
28804
35121
7928
6261
32617
14166
31562
42890
21124
35833
35892
8976
12951
10247
29634
24058
23776
42280
23008
36665
37193
24495
17894
9130
46787
17263
10102
31716
45298
48248
48211
37627
36511
6961
26141
25594
41823
7704
195
49449
19772
47883
35682
37412
49612
44294
42821
43631
20530
3694
40234
30027
30086
36892
34006
30335
22718
43527
41997
13571
45967
31219
10594
14482
16173
15873
30290
26525
36567
38399
14925
45990
49130
5980
40746
14052
48997
15720
21224
9530
9788
26849
26072
46528
849
47617
21907
24523
46200
24887
7940
11447
2286
39672
46109
32712
17026
44786
32813
15796
47126
22679
3924
22451
15478
5896
28468
32216
18826
18571
31450
46470
24231
5640
2243
1352
7289
27204
25073
16861
44152
15341
16754
39934
18888
34743
42168
8716
248
5791
47592
13712
3260
43702
20422
3885
6641
18838
13094
6854
49644
46467
23953
19622
13389
45106
19201
687
18232
4861
42796
40408
10707
41149
48971
46213
36585
30799
41917
26926
30701
48167
26009
8596
20053
8242
39611
20920
40853
41337
43974
20026
49539
45184
37208
41480
34121
24851
44800
23718
9964
43991
36757
26675
31614
14406
49845
14334
35903
33130
19808
19008
20454
35360
13470
21035
7428
11990
49213
28447
36084
45463
19391
19192
49367
20670
36425
13403
17230
41065
33967
49453
7326
26613
13134
39902
26074
17687
9337
22029
5644
7332
39204
3731
47746
2075
44567
13012
32938
16178
44376
27013
36215
24737
2996
15040
49249
41086
1631
27772
11001
24602
27259
27483
21347
39130
35584
41350
9715
44487
31235
5034
24327
12457
11821
25457
3539
36181
35106
29446
18942
31854
4390
5895
5468
7566
30888
6570
7764
15745
17870
34536
41638
18225
8267
23580
34858
40239
4889
3109
32292
46276
34898
1540
39288
36902
13991
39468
35746
43730
16081
46126
22705
35314
41941
29327
41874
28060
13258
19190
24924
5021
43729
22219
23394
44763
8098
2634
36717
21197
41423
18465
49871
41257
25007
32736
47237
35213
15979
25540
36804
26382
844
28117
26978
21129
41059
33904
43031
1040
25224
27924
9647
1594
43025
24348
28462
17290
1942
40810
31479
30575
6095
40559
8043
4419
33442
5292
25132
48625
29859
24201
31330
2569
46478
33303
7597
12441
16243
16952
12517
46110
43326
8512
11138
26756
25203
18155
32202
39617
21759
27865
14306
18605
47091
26580
19995
21480
22654
34256
35871
12151
21474
47989
31669
30004
1106
310
9449
23998
7157
21573
10835
24029
14676
10534
11016
5919
37170
19636
14033
26076
46324
1283
12021
2016
10950
30492
7109
10223
44455
18382
33516
3235
33179
10422
26338
38846
18763
37666
38968
7230
12936
45920
29426
41528
13092
27454
28601
23422
46584
13993
48587
28955
7591
14195
48660
36377
44674
30139
6857
21071
40092
21831
11929
33459
7603
34833
15492
41346
34359
5626
316
17672
33417
25608
24833
29696
9225
23224
39522
16076
24628
45443
19983
438
1801
30929
14211
3044
46652
7851
8366
16351
37801
44548
49813
20028
25831
9479
26173
30186
36852
44360
14190
35520
47366
48160
33618
28975
30779
6291
40678
13549
4329
36013
38344
30065
36103
8079
6342
29495
15887
10172
26960
24333
40792
14823
36831
18414
39269
32086
2508
34660
16981
11971
6154
42144
9148
18507
38142
45952
43434
9093
33335
24648
13899
40769
34340
49238
21505
15002
16696
736
3962
46884
39675
36847
13728
27049
17934
12586
5475
2567
24988
8573
34577
25515
9289
5360
17918
29982
12495
4273
24601
21429
28123
12082
35079
47193
49713
15128
28280
24744
20961
17948
33661
31753
4155
32138
16273
35023
16470
9797
11773
5290
10338
21026
41762
19768
29469
21759
34807
42428
39073
42489
26759
30991
30121
45525
44715
37826
43396
14590
24368
48298
19982
11099
19862
49669
6056
19316
27760
42651
33280
47698
20790
23011
44455
32704
31672
7368
6543
41586
12091
43684
33008
44581
9969
18753
40389
27358
1135
23600
4272
15997
40667
14697
46332
37830
3473
47093
19189
47768
8345
4504
40188
20079
5050
34590
42894
32156
12247
33760
7898
30161
43210
43107
41130
3998
38453
27535
34663
40478
4550
5283
46305
40894
3697
32961
23736
25096
1310
9702
26311
37782
5891
44941
9145
16365
18984
32878
46414
41660
16411
41398
18153
21721
24321
36740
43088
22301
26010
15297
4427
34995
32189
3136
7800
16184
42308
45295
17224
6522
36560
42381
44151
28616
31975
28087
46754
1852
393
28596
19593
11610
48037
48890
18209
822
4794
25858
22359
26194
45145
29185
12621
30814
44468
9895
6229
21874
5883
49771
34714
17783
28223
17247
41242
5915
10486
25083
17029
6847
48353
44904
23011
1808
3187
20634
23266
26646
24123
32804
40742
38480
730
28583
47961
33804
47463
43432
2570
671
12542
47640
26336
28499
38348
36431
43822
47456
48416
48104
35069
20724
3773
40585
27901
29963
10284
46445
31520
5884
42178
6397
43464
14342
845
7928
5855
1258
27086
14015
39925
19113
30704
10724
24286
23799
38042
10679
17066
26495
20570
20514
28885
23913
45569
31155
4058
11134
25848
15337
45101
11739
45461
48440
7455
27731
3856
25460
2109
11857
38779
11830
30038
32332
26459
43212
36565
48933
44897
19311
5638
7888
29022
8904
44186
30440
21802
18037
3553
5775
38073
22426
5509
22852
3848
49824
17419
16154
2889
27104
16741
5764
21948
35579
44699
2623
27523
605
47055
30448
46706
47267
8436
11429
31652
18501
13286
3705
42986
5056
38706
13614
24365
22243
47694
42812
46706
18695
12206
34154
11082
37552
10053
31589
5873
17405
46416
47337
35161
40815
49954
17152
19968
11606
29792
47016
10895
6901
39903
39446
38080
28383
46940
36134
40396
44943
14533
44641
20294
29945
45401
43338
45078
37305
13791
36879
41948
23673
48936
23856
25458
48383
36438
18661
42698
12253
33270
13217
19688
6432
2592
45024
40834
12610
8923
37932
2694
40535
2088
11852
6779
41490
41769
25390
15146
30619
49392
21155
32725
29080
48185
10848
49431
24896
4055
6770
29706
32729
35032
16590
15883
33145
12635
45906
2642
28473
12604
1625
5686
15693
22654
16343
43321
2850
27398
11380
33331
25116
38545
32346
5579
43978
19629
5816
41339
8675
26818
43681
33513
18747
31685
3613
26161
41317
45508
14932
36599
20652
27863
29724
30134
14265
24795
31432
25269
66
1770
34351
35321
13906
17808
49371
19253
36008
33116
21034
12399
4532
34353
31382
22347
22018
49276
25002
2519
43902
11750
19639
39183
14990
47906
44649
21219
9449
48191
47196
21990
35746
24290
31959
48886
38220
24808
49358
615
37937
38436
46658
48983
17272
23123
45253
4187
39664
11501
26640
42046
3265
35280
29468
34271
24127
36679
26668
13762
42944
42696
24969
45407
9141
34521
16361
37587
5083
15345
43648
42532
43691
4615
648
48086
7661
3887
12777
231
44646
31497
41250
34613
39799
40136
49250
17986
33039
25722
41917
18985
8061
39943
5600
29301
31503
26458
21359
17586
27480
37954
11853
5271
27418
19873
47001
44202
6415
34513
29632
24420
28641
38535
13998
3736
40286
28511
18078
31848
29314
44106
31936
4282
33033
26657
39026
27151
15250
29988
29954
8235
36460
41439
25627
266
8624
49091
8351
18679
37978
29000
35972
9796
30276
6733
47945
4842
30564
32971
5804
4609
31091
31175
5775
24787
17605
4436
40861
24312
5430
14502
20551
18525
35810
22027
12981
36258
40866
8532
46870
894
48676
17330
2897
9988
19577
19462
29809
16609
18351
32247
9271
46456
49299
6917
14150
45110
12023
20755
25471
38442
25497
21072
48359
35893
40135
34178
30420
24337
25521
18047
19706
1558
45176
32473
28868
2978
21492
40344
32448
13263
10079
23725
26276
33933
24067
18334
14944
46304
43702
17350
14449
3157
30618
7736
8764
7451
1391
36244
11670
34724
16727
8056
31110
12193
49164
28965
1686
3064
5618
49797
36413
49078
44321
21749
12149
27331
39954
308
3490
18605
27454
34196
19326
13913
2024
36800
23376
43215
5197
6245
42108
1396
18997
11302
27363
34310
31206
43778
38652
22091
38297
17828
49742
37914
22914
13991
44627
19440
4763
24087
24554
6188
16583
46707
36556
45575
8871
39949
47583
21397
13187
45585
19947
26524
7001
33792
13571
18346
1728
10217
49068
26607
11873
49878
33747
33195
48088
34463
17398
27310
3446
42479
33455
7296
7262
34901
25396
21512
35162
5126
7972
21921
31619
31430
39005
7265
36586
34992
4327
16595
15473
34860
16173
37379
31032
30234
16846
20038
3106
15113
24134
5561
6770
8190
1173
6880
26927
23182
13815
25789
13661
3081
37368
32171
10015
45628
4758
14557
49266
13065
27268
46913
9947
19281
48346
44225
49216
296
1276
35312
35327
27264
38242
46805
36094
19101
1080
877
43810
4907
28710
16412
48386
39635
38644
46614
23700
23506
40259
29383
32762
38063
1994
10038
24668
14320
31721
25736
3493
4495
2271
14153
36653
46378
11547
16034
8275
4310
14520
7399
2915
24036
40815
31626
26561
47487
22951
6416
12946
38874
30017
37105
35107
31677
48892
40460
44550
48286
35832
36494
34005
29806
44193
9076
48066
8093
36679
3234
4896
18244
38986
22131
30777
2800
45470
35484
29935
46666
36971
32658
38920
49928
28
18004
20042
25669
21200
25809
5448
38412
46807
33635
38957
32861
28376
4108
32227
24940
64
7005
40306
18647
18769
19655
28868
6073
10355
21806
27214
43020
6073
45498
41097
15878
42624
49594
7491
34279
29790
29699
41789
32947
30748
22469
29380
21213
35647
3307
38733
9881
23679
20387
46983
10558
35486
47346
36593
20264
4894
23647
31808
8954
24999
4643
13244
12384
9656
8179
49657
7442
9165
8282
9434
35549
38417
41136
18840
10205
44675
24890
27737
2931
20036
2965
559
41434
46080
41010
7476
40417
18522
260
490
42001
49735
27698
31114
2751
46852
43953
48534
28589
46362
22395
24123
36394
43939
43732
4398
27085
38125
49996
23672
30023
9918
33661
40365
6142
1159
46693
20809
35828
6865
25185
39032
16121
16164
8153
279
8402
47767
8057
36444
28834
12059
32419
39239
26675
27992
13948
21021
18836
41295
47657
9605
33040
41847
40210
12265
3455
407
11628
3740
3164
17046
35137
44743
1145
40407
15850
37119
37327
28578
13026
20103
46479
40571
9627
44837
31167
23393
7213
32984
5524
44841
27007
11135
8447
38285
38337
24073
19861
1009
44885
17529
39913
16423
38494
31275
25243
1696
35267
21758
9510
24340
29543
2376
48862
29918
29828
48254
43003
29107
486
43670
13926
12025
41645
44875
6853
4302
38284
48171
21164
26147
38648
20467
43936
38181
36331
7162
42622
5976
16818
29421
22441
28155
43792
30565
22575
48051
30376
16075
15644
29905
33248
29490
17852
5978
25851
1814
22925
3188
395
31244
36445
4737
20623
47762
16321
33057
43296
21754
25460
20679
25467
40528
26795
17821
45962
32781
13942
8168
47476
17762
47647
42645
47210
2836
48871
14144
17629
2254
49831
14738
49372
45767
40432
46202
19860
36188
49187
19346
5821
32434
36297
28354
29827
21491
45779
9163
9275
11567
10793
10601
45010
28237
13869
26955
18586
35270
24806
2959
26884
30365
37854
36107
29936
238
16462
34960
12473
4620
42594
1376
15968
17614
12847
29948
49794
38929
26138
44936
5044
15128
14453
11631
41261
22947
31709
47998
21608
6248
30188
22258
42477
31993
3003
43707
14615
17406
46594
24078
4558
5857
49898
36003
32726
5914
15576
46339
41005
3956
46061
31086
3829
39675
24406
49935
49224
38346
20814
17221
45500
20862
12064
20413
3694
43252
38915
30935
16427
12374
1469
18973
39942
3938
45031
6196
15086
43283
44519
23666
15660
9945
24230
20972
6428
42872
34231
49053
24928
39511
48960
14668
6755
29019
39216
30180
41088
17561
12846
21324
8075
23806
35248
48666
44437
16230
44949
43113
16635
7252
35156
12145
26443
13894
6148
6178
40458
43285
4967
46865
23674
14600
40216
28925
38053
6618
41670
18292
18534
5547
36558
15141
30698
48383
41049
3021
21740
18719
10820
26764
5461
20490
42647
17342
11673
16205
49895
35717
17908
29222
49016
8974
30861
2398
15871
45242
28248
16638
27752
20894
4269
43340
11216
4769
14557
42488
36251
683
48076
41271
20283
18347
25363
6745
21097
20319
33943
28835
25254
28961
26870
6686
27479
34992
47979
33387
47389
11746
9121
35864
10642
35815
30267
26586
1248
22383
6173
10396
22680
9605
48563
34579
28514
18767
42254
8805
25856
6355
40338
3519
36038
41384
27043
39313
12115
25726
146
22647
24842
42947
8412
11325
648
24640
4980
39534
17536
47954
31041
44399
33929
3396
33368
15131
36765
22038
35580
32135
39493
5255
43027
41435
40120
30896
38616
24091
231
326
25169
44002
10859
48796
20750
21434
43312
43732
31272
13177
4089
35485
10382
43776
22589
23366
1983
11075
27419
4327
43181
47500
38413
25000
29106
19409
5817
36064
6652
12165
3326
47138
15017
22674
2351
44707
28886
48107
7507
3193
40574
3935
609
39754
18957
44856
4979
16296
46254
20492
46229
18927
9802
24725
3583
28118
23045
15569
45450
25141
29479
13247
48420
45494
40064
29075
18885
22936
3874
27749
5312
37902
2862
27640
25879
19492
40023
34671
43029
18375
2575
49510
47959
47549
6931
10462
21966
5034
37197
27520
13576
44216
26423
16016
34309
46266
28642
42589
33608
44281
19400
22970
35094
1562
18087
3653
11444
41298
22622
12338
22168
12347
18611
15938
20522
42710
35052
32560
22322
12854
26
47499
23745
44689
30500
30857
21562
39835
1794
34621
48247
2808
36776
48742
41733
6218
27627
42819
30536
29483
38756
23024
36772
12015
17049
17027
48750
42940
31949
5738
32799
5271
46998
7294
32312
26454
24864
23822
485
20862
34974
2538
43813
32719
37036
21886
16442
8464
22801
38838
30910
1573
12947
43586
10458
21651
21770
38257
64
37711
47298
27866
13898
38826
29277
9996
27553
46508
1149
46020
17217
45540
49908
1938
2425
19662
4875
32259
17533
20376
3722
32882
38074
4439
14369
27118
32195
13330
38388
34312
28673
30769
6493
39333
1945
34208
19783
11727
282
37283
40855
26192
8387
47659
18586
47241
48824
33488
47019
36358
34356
19968
34125
21189
19390
26603
20600
43081
25777
16549
45706
22268
14136
2033
36138
7298
29945
9120
5944
10710
31112
49269
31127
12219
22341
26954
1616
38771
12139
21282
45648
28732
34537
42966
830
4659
82
26308
7831
43423
11316
5492
36967
14994
25780
38306
11777
41121
5417
20951
5563
2467
24237
40294
42978
34084
31038
11776
20015
20684
45229
15214
44034
45036
18225
34562
19406
1529
22694
11048
22610
48797
11891
13331
46659
44829
21562
17594
37539
3547
40721
10392
48056
18706
43484
49871
37059
18432
40371
24117
38290
19001
24226
45659
48144
28667
2429
45661
26265
45508
26278
46365
40646
12672
20601
13860
37026
15599
12182
8417
15593
8223
45693
13951
37637
18763
32857
4802
40612
4158
4146
4387
25948
3011
31127
25358
35618
44165
38018
3960
8380
349
3767
24231
37164
31663
18690
23455
20761
18667
3897
17141
43924
20032
11223
18181
28931
31228
1700
2159
14715
19777
2952
8772
13807
1922
13228
6303
20191
43412
24912
35829
14196
31762
37860
7476
28447
26622
41830
46395
48690
48516
21977
31700
31886
38176
16441
27620
47260
35938
43800
26253
26212
43615
33543
38626
39107
18141
26080
28916
18255
10254
25132
13700
12594
37011
3523
18724
15777
19757
17778
1064
5990
13859
8365
7297
36610
3327
20828
15069
42151
33908
44139
17931
17498
6610
11345
23539
18337
27013
33492
2135
28643
30870
12627
48184
43770
6520
5775
26836
4792
46695
17902
27890
17842
45640
15589
35988
10562
6120
39760
31824
47400
11284
18302
47545
20699
38347
46731
15117
33147
45186
7731
30234
11162
38262
6282
45551
36987
15603
32369
39491
15702
7174
28436
26349
18116
44204
23157
2672
368
29387
46248
48590
23776
32330
44764
41316
24882
47565
12361
40432
37662
11259
10000
6851
37101
8880
41305
31487
35203
47032
43999
33787
36784
5601
1802
31740
41432
42294
2579
29958
26719
17778
33279
39977
24250
41920
33147
478
21022
9558
26028
2849
10028
9251
17988
11759
27897
3857
27588
32279
5335
8269
19634
43901
47705
38312
7628
18513
28524
19969
31769
41328
14178
22023
17060
37046
23585
28344
47306
19359
22987
17027
613
43168
20506
43662
13173
31392
40029
11535
14296
11535
11789
36826
15640
41442
34462
24654
37498
4351
12124
20537
28714
19109
20715
9093
44708
31814
25466
22617
20739
34599
8704
44086
31189
14591
19165
40373
12606
32907
3913
20456
25887
23288
28468
7418
48613
32822
15022
13535
19910
45643
37909
36078
7689
7565
6411
24097
26402
49136
3120
43082
10985
1302
49812
33109
32796
37887
44229
24561
42127
19588
42349
46991
8683
7668
48836
40988
43871
26017
12715
11416
23865
5882
10223
6657
24128
37991
47051
25306
5834
36565
8487
11483
10720
35941
21842
9519
48443
17967
44699
29212
18500
25191
26003
36261
27107
30244
37968
23713
22636
13818
31680
21397
30269
29361
24885
23793
6017
3522
38543
26719
15860
34691
3909
24203
19254
15095
12144
26201
40893
27260
24444
17816
49554
1043
32551
44879
33688
20998
14217
46381
41150
12509
8565
11364
47025
23823
30589
26208
40889
2131
8176
24902
1565
16602
15806
35023
9775
15259
21139
11257
23130
24755
3680
6275
1908
29393
36829
11581
38130
9778
5813
48161
7432
9309
5435
37812
21056
1218
15582
22955
35483
4724
9092
30871
3801
17692
26889
2449
25570
21890
26087
1480
35993
49820
31328
13597
36466
33406
1243
44006
35226
40789
4409
4399
10175
16925
40401
20091
41898
25097
31204
7765
12657
16393
38324
9704
3609
19243
38997
18416
14488
43516
28476
24696
22537
4069
20693
49778
24831
10945
4032
34864
25423
37268
34924
12824
20676
31113
24881
21230
21133
33592
24116
41193
24388
27171
31124
2167
40293
8335
47401
6146
41439
13454
34248
46137
3340
39667
18436
14913
43758
32365
33891
21735
11424
12773
45305
22211
27117
2471
33534
13172
37622
11587
49335
28469
31190
37972
46678
12300
16072
40933
3465
36594
26653
8225
28712
46129
21218
12936
12173
33736
42333
190
1359
32949
23747
22764
38100
19653
21325
32334
7080
15724
41126
43409
18977
36965
37078
42389
16347
36666
33296
32980
30253
35326
41804
34061
10524
29466
32336
20454
4038
12119
29380
6623
46196
17666
38031
21785
30663
43895
10304
22448
9047
27460
24407
25218
44278
8958
8586
36115
8472
49876
40851
24971
47829
23753
288
1451
3290
26200
44742
45937
35092
14607
41994
47577
30487
30195
38873
14404
18701
9983
45883
42080
6855
17599
35980
3799
29324
10504
25430
7009
36839
32572
7281
36458
10537
16920
23467
20902
36852
27562
11799
44349
11161
4010
29931
1679
5973
32982
39443
49573
15923
8376
18925
49454
41255
19220
25131
45035
32765
4870
6044
48591
23100
47472
40406
39735
49332
49361
41678
41751
2899
49172
29640
6304
38358
31174
40536
46466
48596
5790
38592
41799
39424
34199
24929
27170
6792
29043
23837
36520
22575
28066
20501
16295
7430
18419
810
10817
44405
1436
3831
35553
47131
4503
4848
11803
34173
43319
1850
19716
19332
20200
48363
3758
28729
47738
37979
16011
36130
604
32697
14992
28173
30959
37522
4783
49072
14721
13612
42287
8063
13102
39255
37460
21612
40306
20783
3902
1566
16853
49902
216
41378
41719
21169
48951
4180
17280
39815
48721
35879
6065
44754
29435
34637
2604
26332
36000
2631
41401
4556
10948
28635
36214
32301
23336
49788
27652
36150
39582
10579
33098
30270
31539
10320
20403
12467
33066
23768
33298
26655
16202
34174
18952
2247
5738
40130
48059
20919
4134
15737
27718
10718
34030
35036
44287
397
30515
5529
32038
36098
4258
667
8968
19940
30733
29368
31227
25616
21896
44311
42372
28919
48955
11806
30507
1420
20293
34559
27765
49719
14891
10563
43389
11015
981
47872
39110
37529
47900
45304
8346
7869
20114
35018
3561
2163
38596
41351
41651
9094
24786
264
3128
48306
44243
37493
17464
22822
29409
21935
741
11164
14732
12324
18792
12480
40795
42554
47081
49790
18450
44066
9653
20227
31184
17940
47447
13483
15718
12625
9511
25996
44865
38664
43666
39713
18939
38704
7101
46177
32298
11603
35311
40138
46020
37949
28799
35890
40383
15927
3445
15743
18685
33195
22557
30560
23237
47705
12193
42650
11320
36344
49466
15763
27328
35941
14900
17364
17280
6362
29648
12084
43314
17490
41513
39710
10361
5425
49332
42284
2873
16236
6312
43523
15132
44904
36319
35210
29300
28084
45765
16237
42344
40729
17195
13965
42468
27801
11271
19579
39182
44608
5835
38702
10600
12103
15069
15282
22357
61
34987
39802
33638
30023
14679
11275
38699
46197
26257
27368
16163
28794
30883
629
25206
20878
4367
4932
27251
47757
8421
10296
49508
48536
8032
33004
22364
29985
9960
45088
29122
21032
13443
6101
12737
6916
45227
49936
31911
46258
1197
37159
41284
17930
3232
19580
34295
7628
34302
33956
40103
44370
3606
48620
47835
4660
430
45163
15866
5570
47200
31005
42295
30613
12349
15325
18737
45876
7619
24979
31577
41998
15678
12616
12919
28515
17847
10167
31852
42055
8658
25758
23571
33104
30850
28746
37875
47579
44773
37804
28864
15159
36260
40451
18095
37666
17266
38318
48111
48410
37707
4902
37052
27770
39870
19818
14971
42683
247
23303
19596
2326
6239
25189
30121
16646
47700
39880
1534
41728
20238
31677
1673
1644
16439
35403
49896
24589
22338
32156
25808
4564
19364
11651
1866
7712
26971
17610
46663
7990
43613
15776
37944
47246
22470
32694
19446
9732
45859
34607
2190
38153
12165
25577
43507
15415
21945
45542
44530
40057
22638
22852
21377
14500
41759
40910
39536
32473
19273
21120
48372
16731
37607
36961
30486
15770
40438
33314
29577
1380
28406
41811
31769
5008
16471
32913
28932
47939
36477
49676
43804
41007
835
5685
17230
30771
6582
959
26009
14871
18221
36068
13092
20223
29390
1297
16013
10415
38149
17874
43734
461
45148
48522
7484
47492
36734
32298
20743
49029
43747
8912
5016
35197
7228
41966
33494
41005
32851
35449
25978
5442
20822
49191
617
5090
222
38308
12425
5875
32241
21622
11032
23556
43545
42319
3765
38605
35448
6623
39612
28698
31999
45039
45841
41606
12597
7296
40279
37011
43294
23929
12950
11933
37249
2437
40570
27480
28622
30035
33281
34666
26127
26900
46806
662
45246
45474
14406
7842
381
22139
26166
44551
10169
18072
11315
49835
24271
28066
2435
5980
30842
17963
5830
32119
31516
49599
46128
17583
17388
46397
46954
24033
17674
19136
29526
973
12658
32829
46571
9898
18684
6668
48370
10770
7200
18787
17906
36126
36025
29502
39884
37321
3017
35610
42197
16932
46424
41862
33354
13074
38508
31929
41460
16671
7905
9575
31984
43860
8801
10629
34424
36193
23203
23187
12880
33783
39100
37595
43861
44113
1107
1077
32584
35718
4159
35269
5487
18819
17290
29906
34770
8827
4028
44661
44154
26303
8168
36168
41549
32603
14415
47294
2006
25450
20954
42964
5915
20687
28978
29217
35432
10765
2453
3555
13046
22042
32944
42109
44288
24558
42206
8876
44022
17784
30176
43034
15992
18854
24409
40071
1812
36003
37239
7566
30038
42028
43394
1027
38786
42061
21816
7455
21373
5789
27265
27560
15852
40220
23196
40461
42690
16147
37756
29002
8508
26974
9276
39242
27525
23694
43673
42242
11782
9361
2685
31697
49679
15620
39408
33711
16534
29546
59
14134
21137
563
2828
12424
32781
5659
10573
38193
6923
46061
23464
25936
21369
5055
15691
33513
41460
22343
21778
42065
46567
6181
23163
23816
24141
48945
45521
15476
19439
750
7157
35516
32003
22359
17019
8683
31934
436
13662
276
37997
18691
6416
26934
44
45521
1034
43018
37794
39616
10096
25877
38472
36389
41493
38798
22125
21529
11020
35386
24341
47130
16732
12781
10697
1573
5308
28233
8525
43579
29214
26400
37368
12131
9685
22841
30268
19217
9463
2086
4649
27952
42658
48934
33577
29547
4241
1795
46082
36408
44631
38671
24414
3832
9897
44423
43765
48446
11677
15180
39768
25311
44647
30531
32611
27333
47345
32014
20319
12647
40194
41247
11362
13956
43798
36475
45149
8756
1608
6076
6993
881
33488
12283
49043
18233
3760
24982
41628
47864
14454
6843
38940
29343
13957
17470
32405
47912
24516
31303
29227
35342
23215
45256
46147
17893
31937
27421
41864
37380
24439
3158